01-08,1.5206,1.5206
01-08,1.5206,1.5206
