01-08,1.5565,1.5565
01-08,1.5565,1.5565
