01-08,1.7550,1.7550
01-08,1.7550,1.7550
