01-08,1.4300,1.5980
01-08,1.4300,1.5980
